maze = [
    [[1, "dr"], [0, "d"], [0, "d"], [0, "dr"], [0, "l"], [0, "l"], [0, "d"], [0, "dl"]],
    [[0, "tr"], [0, "d"], [0, "r"], [17, "dr"], [52, "d"], [0, "d"], [0, "d"], [0, "l"]],
    [[0, "r"], [43, "l"], [0, "t"], [14, "dr"], [0, "dl"], [0, "tr"], [10, "d"], [45, "l"]],
    [[0, "d"], [0, "r"], [0, "tr"], [0, "tl"], [15, "tl"], [28, "r"], [0, "d"], [0, "l"]],
    [[60, "r"], [59, "l"], [26, "tl"], [0, "r"], [0, "dr"], [0, "l"], [0, "d"], [61, "l"]],
    [[0, "d"], [0, "r"], [55, "d"], [54, "l"], [0, "dr"], [0, "r"], [0, "tl"], [0, "d"]],
    [[0, "tl"], [0, "dr"], [56, "r"], [0, "tr"], [53, "tl"], [0, "l"], [0, "t"], [0, "t"]],
    [[0, "r"], [0, "tl"], [0, "t"], [33, "l"], [0, "r"], [0, "t"], [0, "l"], [64, ""]]
]

original_maze = [
    [[1, (1, 1)], [0, (1, 0)], [0, (1, 0)], [0, (1, 1)], [0, (0, -1)], [0, (0, -1)], [0, (1, 0)], [0, (1, -1)]],
    [[0, (-1, 1)], [0, (1, 0)], [0, (0, 1)], [17, (1, 1)], [52, (1, 0)], [0, (1, 0)], [0, (1, 0)], [0, (0, -1)]],
    [[0, (0, 1)], [43, (0, -1)], [0, (-1, 0)], [14, (1, 1)], [0, (1, -1)], [0, (-1, 1)], [10, (1, 0)], [45, (0, -1)]],
    [[0, (1, 0)], [0, (0, 1)], [0, (-1, 1)], [0, (-1, -1)], [15, (-1, -1)], [28, (0, 1)], [0, (1, 0)], [0, (0, -1)]],
    [[60, (0, 1)], [0, (0, -1)], [26, (-1, -1)], [0, (0, 1)], [0, (1, 1)], [0, (0, -1)], [0, (1, 0)], [61, (0, -1)]],
    [[0, (1, 0)], [0, (0, 1)], [0, (1, 0)], [54, (0, -1)], [0, (1, 1)], [0, (0, 1)], [0, (-1, -1)], [0, (1, 0)]],
    [[0, (-1, -1)], [0, (1, 1)], [56, (0, 1)], [0, (-1, 1)], [0, (-1, -1)], [0, (0, -1)], [0, (-1, 0)], [0, (-1, 0)]],
    [[0, (0, 1)], [0, (-1, -1)], [0, (-1, 0)], [33, (0, -1)], [0, (0, 1)], [0, (-1, 0)], [0, (0, -1)], [64, ""]],
]

original_maze = [
    [[1, (1, 1)], [0, (1, 0)], [0, (1, 0)], [0, (1, 1)], [0, (0, -1)], [0, (0, -1)], [0, (1, 0)], [0, (1, -1)]],
    [[0, (-1, 1)], [0, (1, 0)], [0, (0, 1)], [17, (1, 1)], [52, (1, 0)], [0, (1, 0)], [0, (1, 0)], [0, (0, -1)]],
    [[0, (0, 1)], [43, (0, -1)], [0, (-1, 0)], [14, (1, 1)], [0, (1, -1)], [0, (-1, 1)], [10, (1, 0)], [45, (0, -1)]],
    [[0, (1, 0)], [0, (0, 1)], [0, (-1, 1)], [0, (-1, -1)], [15, (-1, -1)], [28, (0, 1)], [0, (1, 0)], [0, (0, -1)]],
    [[60, (0, 1)], [59, (0, -1)], [26, (-1, -1)], [0, (0, 1)], [0, (1, 1)], [0, (0, -1)], [0, (1, 0)], [61, (0, -1)]],
    [[0, (1, 0)], [0, (0, 1)], [0, (1, 0)], [54, (0, -1)], [0, (1, 1)], [0, (0, 1)], [0, (-1, -1)], [0, (1, 0)]],
    [[0, (-1, -1)], [0, (1, 1)], [56, (0, 1)], [0, (-1, 1)], [0, (-1, -1)], [0, (0, -1)], [0, (-1, 0)], [0, (-1, 0)]],
    [[0, (0, 1)], [0, (-1, -1)], [0, (-1, 0)], [33, (0, -1)], [0, (0, 1)], [0, (-1, 0)], [0, (0, -1)], [64, ""]],
]

test_maze = [
    [[1, (1, 1)], [4, (1, 0)], [0, (0, -1)], [0, (1, 0)]],
    [[0, (1, 0)], [0, (0, -1)], [0, (1, 0)], [0, (1, 0)]],
    [[0, (1, 1)], [0, (-1, 1)], [0, (-1, 0)], [0, (0, -1)]],
    [[0, (-1, 1)], [12, (-1, 0)], [0, (-1, 1)], [16, ""]],
]

true_original_maze = [
    [[1, "dr"], [0, "d"], [0, "d"], [0, "dr"], [0, "l"], [0, "l"], [0, "d"], [0, "dl"]],
    [[0, "tr"], [0, "d"], [0, "r"], [17, "dr"], [52, "d"], [0, "d"], [0, "d"], [0, "l"]],
    [[0, "r"], [43, "l"], [0, "t"], [14, "dr"], [0, "dl"], [0, "tr"], [10, "d"], [45, "l"]],
    [[0, "d"], [0, "r"], [0, "tr"], [0, "tl"], [15, "tl"], [28, "r"], [0, "d"], [0, "l"]],
    [[60, "r"], [0, "l"], [26, "tl"], [0, "r"], [0, "dr"], [0, "l"], [0, "d"], [61, "l"]],
    [[0, "d"], [0, "r"], [0, "d"], [54, "l"], [0, "dr"], [0, "r"], [0, "tl"], [0, "d"]],
    [[0, "tl"], [0, "dr"], [56, "r"], [0, "tr"], [0, "tl"], [0, "l"], [0, "t"], [0, "t"]],
    [[0, "r"], [0, "tl"], [0, "t"], [33, "l"], [0, "r"], [0, "t"], [0, "l"], [64, ""]]
]